659
42.088642 0 1
53.094948 0 463
79.636681 0 545
42.088642 1 0
25.242640 1 2
99.020721 1 463
25.242640 2 1
20.228918 2 3
11.874502 2 366
12.552695 2 379
20.228918 3 2
146.114914 3 4
17.750540 3 378
146.114914 4 3
184.311569 4 5
7.452138 4 377
184.311569 5 4
113.898766 5 6
12.742317 5 367
11.473696 5 376
113.898766 6 5
21.467634 6 7
12.539016 6 368
11.265543 6 375
21.467634 7 6
17.378853 7 8
10.836415 7 246
17.378853 8 7
66.824142 8 9
29.904436 8 246
11.295171 8 369
66.824142 9 8
248.485367 9 10
248.485367 10 9
39.739754 10 11
12.146495 10 370
39.739754 11 10
128.532776 11 12
11.356582 11 371
128.532776 12 11
38.832253 12 13
44.760094 12 201
38.832253 13 12
19.198412 13 14
29.453205 13 199
12.865073 13 372
19.198412 14 13
394.726593 14 15
8.402455 14 199
394.726593 15 14
386.457642 15 199
209.644501 15 373
44.116425 16 17
28.647451 16 25
75.412544 16 191
44.116425 17 16
37.318340 17 18
63.596775 17 26
37.318340 18 17
16.227369 18 19
974.152161 18 33
16.227369 19 18
23.533123 19 20
24.207922 19 394
23.533123 20 19
47.405487 20 21
14.842858 20 405
47.405487 21 20
25.746988 21 22
48.820023 21 66
25.746988 22 21
14.046885 22 23
14.046885 23 22
26.454374 23 24
41.997787 23 203
26.454374 24 23
10.728766 24 25
42.799599 24 203
28.647451 25 16
10.728766 25 24
196.503754 25 142
63.596775 26 17
905.585144 26 27
74.513367 26 204
905.585144 27 26
34.932171 27 33
13.197449 27 34
14.221986 28 29
43.587139 28 37
14.221986 29 28
31.901968 29 30
24.282511 29 470
31.901968 30 29
7.517308 30 31
29.068869 30 471
7.517308 31 30
27.167118 31 32
19.646645 31 389
27.167118 32 31
18.407682 32 33
19.182459 32 390
974.152161 33 18
34.932171 33 27
18.407682 33 32
13.197449 34 27
24.061121 34 35
26.012890 34 381
24.061121 35 34
22.153879 35 36
27.248142 35 382
22.153879 36 35
45.442631 36 37
23.361242 36 192
43.587139 37 28
45.442631 37 36
78.623100 38 39
8.830182 38 470
8.422856 38 471
78.623100 39 38
90.806709 39 40
6.892972 39 143
90.806709 40 39
24.743706 40 41
7.031797 40 386
24.743706 41 40
7.444862 41 385
17.538982 42 43
22.360687 42 49
32.167068 42 50
17.538982 43 42
68.335945 43 44
8.270262 43 399
83.796967 43 400
68.335945 44 43
55.395016 44 45
9.906240 44 400
55.395016 45 44
102.834579 45 46
9.238615 45 401
102.834579 46 45
69.754791 46 47
8.996384 46 402
69.754791 47 46
149.040085 47 227
74.588654 47 461
3.433359 48 49
9.961253 48 53
22.360687 49 42
3.433359 49 48
33.312523 49 629
32.167068 50 42
21.481083 50 51
9.269850 50 112
21.481083 51 50
27.016577 51 52
48.282028 51 309
27.016577 52 51
12.592023 52 53
10.766168 52 134
9.961253 53 48
12.592023 53 52
31.131166 53 629
46.140209 54 55
13.161932 54 520
79.874352 54 629
46.140209 55 54
61.764427 55 56
20.282427 55 514
61.764427 56 55
125.907753 56 57
77.102516 56 458
125.907753 57 56
13.342438 57 58
18.648508 57 59
13.342438 58 57
3.335948 58 61
18.648508 59 57
15.893552 59 60
24.404001 59 189
15.893552 60 59
19.002386 60 61
70.132446 60 62
3.335948 61 58
19.002386 61 60
39.344006 61 216
70.132446 62 60
16.576529 62 63
140.805405 62 216
16.576529 63 62
30.747259 63 64
164.294601 63 561
30.747259 64 63
59.796001 64 65
20.348680 64 618
59.796001 65 64
44.247337 65 616
48.820023 66 21
28.089912 66 208
90.215515 66 228
6.476248 67 68
7.268939 67 113
69.870544 67 207
72.737892 67 481
6.476248 68 67
29.733608 68 69
96.765190 68 422
70.126053 68 423
29.733608 69 68
45.142281 69 70
13.825865 69 495
45.142281 70 69
18.853495 70 229
41.759640 70 446
23.443668 71 72
95.448692 71 394
35.583420 71 461
23.443668 72 71
10.788797 72 73
5.790525 72 395
10.256134 72 396
10.788797 73 72
41.598396 73 207
15.011767 73 396
7.116075 74 75
104.755646 74 175
38.759506 74 176
7.116075 75 74
8.841428 75 76
40.847679 75 357
102.889030 75 358
8.841428 76 75
6.421468 76 77
41.184299 76 631
6.421468 77 76
18.264818 77 78
18.264818 78 77
17.175474 78 79
17.175474 79 78
18.264572 79 80
18.264572 80 79
15.700581 80 81
15.700581 81 80
14.547094 82 83
15.044975 82 93
12.004956 82 102
14.547094 83 82
14.705582 83 84
11.620693 83 94
14.705582 84 83
11.788230 84 85
69.735481 84 494
11.788230 85 84
14.597482 85 86
24.140579 85 91
14.597482 86 85
17.899145 86 87
17.899145 87 86
16.888140 87 88
16.888140 88 87
10.525820 88 89
26.666859 88 269
10.525820 89 88
25.136557 89 90
87.687035 89 498
25.136557 90 89
42.009052 90 91
86.208595 90 126
24.140579 91 85
42.009052 91 90
11.438214 91 92
11.438214 92 91
6.216334 92 93
11.574028 92 317
15.044975 93 82
6.216334 93 92
11.059189 93 316
11.620693 94 83
111.642509 94 95
34.413074 94 259
66.520111 94 287
111.642509 95 94
89.398598 95 96
26.439075 95 97
89.398598 96 95
169.030563 96 196
160.733597 96 334
26.439075 97 95
27.259562 97 98
20.386269 97 285
27.259562 98 97
61.053890 98 99
21.821529 98 251
61.053890 99 98
12.653390 99 195
14.791104 99 196
73.296722 100 101
7.855226 100 111
81.797432 100 139
73.296722 101 100
15.318521 101 102
6.778675 101 259
12.004956 102 82
15.318521 102 101
12.115108 103 104
63.808277 103 112
11.658399 103 115
154.959427 103 178
12.115108 104 103
30.253117 104 105
69.468056 104 112
4.934849 104 311
30.253117 105 104
56.086731 105 106
4.910996 105 445
56.086731 106 105
21.044580 106 107
4.853642 106 444
21.044580 107 106
8.002710 107 108
83.822853 107 120
8.002710 108 107
2.967674 108 109
6.688123 108 551
2.967674 109 108
110.373169 109 110
110.373169 110 109
23.109392 110 111
7.855226 111 100
23.109392 111 110
6.205426 111 315
112.626984 111 316
9.269850 112 50
63.808277 112 103
69.468056 112 104
48.103714 112 399
7.268939 113 67
299.091278 113 114
69.226868 113 424
14.858448 113 425
299.091278 114 113
37.898148 114 115
15.134618 114 550
11.658399 115 103
37.898148 115 114
4.973140 115 355
3.366943 115 356
30.347172 116 117
14.863918 116 121
14.717652 116 122
30.347172 117 116
65.170586 117 118
104.487366 117 119
65.170586 118 117
122.903152 118 119
25.117083 118 627
104.487366 119 117
122.903152 119 118
83.822853 120 107
115.791855 120 121
50.070805 120 309
14.863918 121 116
115.791855 121 120
10.855570 121 122
14.717652 122 116
10.855570 122 121
9.148715 122 123
9.148715 123 122
75.095634 123 124
49.206024 123 131
75.095634 124 123
24.578144 124 125
93.728104 124 499
24.578144 125 124
6.757989 125 126
16.248230 125 628
86.208595 126 90
6.757989 126 125
134.133789 127 128
57.344971 127 462
55.972752 127 615
134.133789 128 127
54.804379 128 129
14.630858 128 303
54.804379 129 128
27.631601 129 130
8.321980 129 180
27.631601 130 129
40.561298 130 498
49.206024 131 123
109.802841 131 132
65.839287 131 133
109.802841 132 131
45.910328 132 133
65.839287 133 131
45.910328 133 132
18.926178 133 475
10.766168 134 52
257.432007 134 135
262.275696 134 620
257.432007 135 134
118.038055 135 136
7.847701 135 620
40.305199 135 627
118.038055 136 135
11.661111 136 137
7.519110 136 619
11.661111 137 136
87.399330 137 332
194.294403 138 484
81.797432 139 100
48.291492 139 140
7.062560 139 314
48.291492 140 139
12.271050 140 141
6.441132 140 313
6.153534 140 351
12.271050 141 140
12.514499 141 175
12.572110 141 178
196.503754 142 25
220.664368 142 210
6.892972 143 39
7.534711 143 144
90.319695 143 386
87.842392 143 387
7.534711 144 143
26.590248 144 145
81.012352 144 624
26.590248 145 144
16.515110 145 146
11.734468 145 407
16.515110 146 145
38.777248 146 147
13.804615 146 414
19.130068 146 658
38.777248 147 146
3.512686 147 148
16.902189 147 415
3.512686 148 147
55.909466 148 149
17.075521 148 155
55.909466 149 148
15.020790 149 150
37.273052 149 155
15.020790 150 149
17.781681 150 151
36.737991 150 156
17.781681 151 150
16.091816 151 152
36.054749 151 157
16.091816 152 151
14.041097 152 153
35.495987 152 158
14.041097 153 152
6.264102 153 154
311.625366 153 335
45.037647 153 657
6.264102 154 153
14.144292 154 172
38.089771 154 173
17.075521 155 148
37.273052 155 149
16.686239 155 156
3.765857 155 415
36.737991 156 150
16.686239 156 155
16.467731 156 157
3.975877 156 413
36.054749 157 151
16.467731 157 156
14.541682 157 158
4.177510 157 411
35.495987 158 152
14.541682 158 157
4.352243 158 474
98.929794 159 160
22.009068 159 161
98.929794 160 159
17.496443 160 162
22.009068 161 159
53.618149 161 162
18.696409 161 163
17.496443 162 160
53.618149 162 161
55.171387 162 163
18.696409 163 161
55.171387 163 162
53.753593 164 165
21.432470 164 177
9.766657 164 236
47.657108 164 483
53.753593 165 164
57.972290 165 166
6.245338 165 359
57.972290 166 165
78.497269 166 167
6.917439 166 421
78.497269 167 166
34.769508 167 168
5.484488 167 420
34.769508 168 167
91.479706 168 169
6.599751 168 336
5.825518 168 337
91.479706 169 168
23.118771 169 170
6.403155 169 335
23.118771 170 169
61.729431 170 171
7.661324 170 419
61.729431 171 170
206.898819 171 172
7.221161 171 418
14.144292 172 154
206.898819 172 171
6.265544 172 417
38.089771 173 154
26.362881 173 174
6.707005 173 416
26.362881 174 173
31.142956 174 389
30.318607 174 390
104.755646 175 74
12.514499 175 141
8.503970 175 349
5.970250 175 352
38.759506 176 74
67.426857 176 177
9.070847 176 256
21.432470 177 164
67.426857 177 176
6.321520 177 358
6.952996 177 432
154.959427 178 103
12.572110 178 141
14.032410 178 312
11.204439 178 353
64.671776 179 296
16.325600 179 299
8.321980 180 129
52.039989 180 181
13.223433 180 302
52.039989 181 180
13.483861 181 182
54.050133 181 284
13.483861 182 181
47.170349 182 183
41.351089 182 263
47.170349 183 182
36.441586 183 184
21.818632 183 262
36.441586 184 183
6.871321 184 185
276.370209 184 361
6.871321 185 184
38.573246 185 186
44.595909 185 441
38.573246 186 185
63.385082 186 187
18.493647 186 437
63.385082 187 186
77.884468 187 188
77.884468 188 187
24.404001 189 59
40.199081 189 190
40.199081 190 189
12.405028 190 561
75.412544 191 16
21.957251 191 202
23.361242 192 36
58.602215 192 193
62.069386 192 364
58.602215 193 192
82.886948 193 365
17.640905 194 195
17.639372 194 196
12.653390 195 99
17.640905 195 194
17.220890 195 254
169.030563 196 96
14.791104 196 99
17.639372 196 194
100.885788 197 198
100.885788 198 197
12.327031 198 199
29.453205 199 13
8.402455 199 14
386.457642 199 15
12.327031 199 198
57.094173 200 201
73.573105 200 205
44.760094 201 12
57.094173 201 200
21.957251 202 191
111.389580 202 204
114.952515 202 206
41.997787 203 23
42.799599 203 24
26.767088 203 210
74.513367 204 26
111.389580 204 202
124.970764 204 205
73.573105 205 200
124.970764 205 204
114.952515 206 202
69.870544 207 67
41.598396 207 73
6.612741 207 423
6.795311 207 424
28.089912 208 66
47.183994 208 209
57.187557 208 508
47.183994 209 208
43.693359 209 228
15.937552 209 508
220.664368 210 142
26.767088 210 203
45.784809 210 485
11.125558 212 213
11.125558 213 212
34.580795 213 214
34.580795 214 213
98.585175 214 215
20.429312 214 555
98.585175 215 214
234.099335 215 217
56.632622 215 218
70.778290 215 622
39.344006 216 61
140.805405 216 62
178.190445 216 217
234.099335 217 215
178.190445 217 216
22.917259 217 656
56.632622 218 215
46.096867 218 219
20.726221 218 530
46.096867 219 218
4.300044 219 220
10.858067 219 552
4.300044 220 219
20.499271 220 221
21.973539 220 508
20.499271 221 220
6.667834 221 222
50.905800 221 530
6.667834 222 221
51.271072 222 223
92.530022 222 506
51.271072 223 222
32.168755 223 224
43.070312 223 506
32.168755 224 223
10.276168 224 225
10.276168 225 224
28.486980 225 226
33.862980 225 406
28.486980 226 225
6.709696 226 227
61.650757 226 403
38.572861 226 404
149.040085 227 47
6.709696 227 226
58.121300 227 405
90.215515 228 66
43.693359 228 209
18.853495 229 70
78.486565 229 230
12.045193 229 502
78.486565 230 229
75.354355 230 231
64.662277 230 456
75.354355 231 230
43.848099 231 232
34.094658 231 457
43.848099 232 231
33.151691 232 233
30.733301 232 497
33.151691 233 232
30.957766 233 234
9.036457 233 476
30.957766 234 233
3.919820 234 235
17.178104 234 500
3.919820 235 234
37.839947 235 236
47.655800 235 467
17.254967 235 468
9.766657 236 164
37.839947 236 235
110.701797 236 421
92.950394 236 422
7.245640 237 238
5.439837 237 567
7.245640 238 237
18.143250 238 239
8.152557 238 572
17.061798 238 573
18.143250 239 238
19.385050 239 240
4.404850 239 653
3.374982 239 654
19.385050 240 239
9.800817 240 241
11.107275 240 593
9.800817 241 240
14.270614 241 242
24.177534 241 593
26.625071 241 607
14.270614 242 241
10.220403 242 243
7.865877 242 652
10.220403 243 242
49.478222 243 244
26.471104 243 602
49.478222 244 243
40.643059 244 245
8.525188 244 606
23.203791 244 642
40.643059 245 244
51.594749 245 246
8.233043 245 641
66.133911 245 642
10.836415 246 7
29.904436 246 8
51.594749 246 245
9.071376 246 374
101.115746 247 248
42.539829 247 256
101.115746 248 247
6.443235 248 255
83.566391 249 250
30.965935 249 252
83.566391 250 249
25.561434 250 251
45.199574 250 253
21.821529 251 98
25.561434 251 250
59.223377 251 254
30.965935 252 249
24.426258 252 253
37.181889 252 625
45.199574 253 250
24.426258 253 252
16.572441 253 254
17.220890 254 195
59.223377 254 251
16.572441 254 253
6.443235 255 248
36.191528 255 350
9.070847 256 176
42.539829 256 247
54.396378 256 350
71.442291 256 432
20.956629 257 258
23.360920 257 260
20.956629 258 257
21.410160 258 259
34.413074 259 94
6.778675 259 101
21.410160 259 258
203.998734 259 351
23.360920 260 257
21.401472 260 261
21.401472 261 260
21.818632 262 183
41.605236 262 263
11.113779 262 264
5.731722 262 289
41.351089 263 182
41.605236 263 262
10.756095 263 267
4.695116 263 268
11.113779 264 262
36.118755 264 265
25.997412 264 282
36.118755 265 264
33.982491 265 266
11.179823 265 276
22.545275 265 279
33.982491 266 265
35.546329 266 267
10.930202 266 275
22.147131 266 283
10.756095 267 263
35.546329 267 266
23.838976 267 284
4.695116 268 263
19.622118 268 275
26.666859 269 88
28.741104 269 270
17.252960 269 324
28.741104 270 269
15.476059 270 271
15.476059 271 270
17.606577 271 272
15.366792 271 281
17.606577 272 271
15.995823 272 273
25.293243 272 292
15.995823 273 272
14.900033 273 274
14.900033 274 273
38.950474 274 283
21.026617 274 284
10.930202 275 266
19.622118 275 268
22.428595 275 276
11.179823 276 265
22.428595 276 275
18.639399 276 289
16.828074 277 278
21.715029 277 290
16.828074 278 277
15.551439 278 279
8.042118 278 286
22.545275 279 265
15.551439 279 278
54.974895 279 282
56.728825 279 283
7.750947 280 281
20.828653 280 323
31.079359 280 324
15.366792 281 271
7.750947 281 280
25.997412 282 264
54.974895 282 279
22.147131 283 266
38.950474 283 274
56.728825 283 279
19.470089 283 307
54.050133 284 181
23.838976 284 267
21.026617 284 274
20.386269 285 97
17.375214 285 288
8.042118 286 278
24.290718 286 291
66.520111 287 94
45.390469 287 288
17.375214 288 285
45.390469 288 287
5.731722 289 262
18.639399 289 276
21.715029 290 277
7.495045 290 291
24.290718 291 286
7.495045 291 290
13.566342 291 308
25.293243 292 272
7.931037 292 323
52.509975 293 294
95.557777 293 295
52.509975 294 293
45.759708 294 295
95.557777 295 293
45.759708 295 294
45.407154 295 302
64.671776 296 179
165.000702 296 297
165.000702 297 296
17.260752 297 298
17.260752 298 297
239.649704 298 303
16.325600 299 179
51.680099 299 300
84.049347 299 361
51.680099 300 299
23.556911 300 301
23.556911 301 300
167.428253 301 507
13.223433 302 180
45.407154 302 295
53.762680 302 303
14.630858 303 128
239.649704 303 298
53.762680 303 302
5.193485 304 305
30.552010 304 306
5.193485 305 304
71.655014 305 494
30.552010 306 304
31.306667 306 307
61.400288 306 308
19.470089 307 283
31.306667 307 306
33.067070 307 323
13.566342 308 291
61.400288 308 306
48.282028 309 51
50.070805 309 120
25.719261 309 310
25.719261 310 309
37.158245 310 318
4.934849 311 104
149.659363 311 312
30.509996 311 445
14.032410 312 178
149.659363 312 311
6.203242 312 313
6.441132 313 140
6.203242 313 312
48.847523 313 314
7.062560 314 139
48.847523 314 313
72.756325 314 315
35.914581 314 320
6.205426 315 111
72.756325 315 314
151.680939 315 444
11.059189 316 93
112.626984 316 111
7.622909 316 317
21.387960 316 560
11.574028 317 92
7.622909 317 316
74.749626 317 363
37.158245 318 310
1.517693 318 322
15.920980 319 321
35.914581 320 314
3.924426 320 321
15.920980 321 319
3.924426 321 320
1.517693 322 318
20.828653 323 280
7.931037 323 292
33.067070 323 307
17.252960 324 269
31.079359 324 280
23.745110 325 326
59.108837 325 462
29.813284 325 509
23.745110 326 325
69.405556 326 327
69.405556 327 326
39.367161 327 328
172.770813 327 331
39.367161 328 327
81.635559 328 329
81.635559 329 328
72.567116 329 330
72.567116 330 329
178.219391 330 332
172.770813 331 327
219.031235 331 333
87.399330 332 137
178.219391 332 330
91.624413 332 333
219.031235 333 331
91.624413 333 332
160.733597 334 96
78.594391 334 335
93.113525 334 336
311.625366 335 153
6.403155 335 169
78.594391 335 334
89.353294 335 336
6.599751 336 168
93.113525 336 334
89.353294 336 335
170.789490 336 359
5.825518 337 168
149.901093 337 392
113.690834 337 419
36.208248 337 420
156.309769 338 339
46.471043 338 341
110.885773 338 342
37.372520 338 360
156.309769 339 338
110.278702 339 340
35.846455 339 341
11.504358 339 528
110.278702 340 339
32.314159 340 347
34.165588 340 360
14.410019 340 419
46.471043 341 338
35.846455 341 339
13.190603 341 360
110.885773 342 338
17.251472 342 343
88.137901 342 344
17.251472 343 342
88.137901 344 342
13.860449 344 345
37.287830 344 347
13.860449 345 344
36.838417 345 346
17.315847 345 348
36.838417 346 345
14.570848 346 347
32.314159 347 340
37.287830 347 344
14.570848 347 346
17.315847 348 345
8.503970 349 175
89.995255 349 350
4.408949 349 353
36.191528 350 255
54.396378 350 256
89.995255 350 349
6.153534 351 140
203.998734 351 259
26.120035 351 352
5.970250 352 175
26.120035 352 351
64.010109 352 357
11.204439 353 178
4.408949 353 349
33.955814 353 354
33.955814 354 353
116.215225 354 355
4.973140 355 115
116.215225 355 354
340.289276 355 425
3.366943 356 115
27.745975 356 546
40.847679 357 75
64.010109 357 352
9.088784 357 631
102.889030 358 75
6.321520 358 177
58.082005 358 359
6.245338 359 165
170.789490 359 336
58.082005 359 358
14.573316 359 503
37.372520 360 338
34.165588 360 340
13.190603 360 341
276.370209 361 184
84.049347 361 299
209.434692 361 507
87.546982 362 363
10.018670 362 499
29.623583 362 551
74.749626 363 317
87.546982 363 362
11.392169 363 473
62.069386 364 192
16.144217 364 365
7.329924 364 382
82.886948 365 193
16.144217 365 364
138.254257 365 366
146.014236 365 383
9.947498 365 545
11.874502 366 2
138.254257 366 365
373.154083 366 367
12.742317 367 5
373.154083 367 366
121.776245 367 368
12.539016 368 6
121.776245 368 367
37.523041 368 369
11.295171 369 8
37.523041 369 368
293.782501 369 370
12.146495 370 10
293.782501 370 369
33.525059 370 371
11.356582 371 11
33.525059 371 370
172.270142 371 372
13.857515 371 608
12.865073 372 13
172.270142 372 371
623.844055 372 373
209.644501 373 15
623.844055 373 372
9.071376 374 246
13.206002 374 375
50.608078 374 641
11.265543 375 6
13.206002 375 374
105.448418 375 376
11.473696 376 5
105.448418 376 375
169.291992 376 377
7.452138 377 4
169.291992 377 376
125.531990 377 378
25.575012 377 563
17.750540 378 3
125.531990 378 377
34.801987 378 379
27.172937 378 648
12.552695 379 2
34.801987 379 378
48.048199 379 380
48.048199 380 379
116.705589 380 381
38.681736 380 645
26.012890 381 34
116.705589 381 380
8.476309 381 382
35.637451 381 463
27.248142 382 35
7.329924 382 364
8.476309 382 381
10.109323 382 545
146.014236 383 365
56.782127 383 384
56.782127 384 383
7.444862 385 41
21.593914 385 386
121.553696 385 433
7.031797 386 40
90.319695 386 143
21.593914 386 385
26.322924 386 624
87.842392 387 143
38.803539 387 388
7.691917 387 471
38.803539 388 387
8.101987 388 389
54.615772 388 657
19.646645 389 31
31.142956 389 174
8.101987 389 388
9.572822 389 390
19.182459 390 32
30.318607 390 174
9.572822 390 389
5.917821 390 391
5.917821 391 390
482.542847 391 392
54.816250 391 416
149.901093 392 337
482.542847 392 391
540.791870 392 393
540.791870 393 392
49.227730 393 394
64.970871 393 395
24.207922 394 19
95.448692 394 71
49.227730 394 393
14.048776 394 405
5.790525 395 72
64.970871 395 393
52.075172 395 423
10.256134 396 72
15.011767 396 73
5.461381 396 397
14.201110 396 461
5.461381 397 396
314.521027 397 398
52.506470 397 424
314.521027 398 397
62.589703 398 399
22.526073 398 548
8.270262 399 43
48.103714 399 112
62.589703 399 398
83.796967 400 43
9.906240 400 44
52.532330 400 401
22.535093 400 501
9.238615 401 45
52.532330 401 400
102.478302 401 402
14.983459 401 621
8.996384 402 46
102.478302 402 401
162.596176 402 403
61.650757 403 226
162.596176 403 402
38.572861 404 226
21.843422 404 405
22.360714 404 406
14.842858 405 20
58.121300 405 227
14.048776 405 394
21.843422 405 404
33.862980 406 225
22.360714 406 404
45.394150 406 506
11.734468 407 145
19.370317 407 408
17.844812 407 414
19.370317 408 407
36.860363 408 409
19.846872 408 412
36.860363 409 408
16.141977 409 410
17.119637 409 412
16.141977 410 409
38.248108 410 411
58.797871 410 474
4.177510 411 157
38.248108 411 410
16.643417 411 413
14.844154 411 474
19.846872 412 408
17.119637 412 409
49.151676 412 413
18.311247 412 414
3.975877 413 156
16.643417 413 411
49.151676 413 412
16.693275 413 415
13.804615 414 146
17.844812 414 407
18.311247 414 412
43.901951 414 415
16.902189 415 147
3.765857 415 155
16.693275 415 413
43.901951 415 414
6.707005 416 173
54.816250 416 391
49.810074 416 417
6.265544 417 172
49.810074 417 416
202.525787 417 418
7.221161 418 171
202.525787 418 417
62.991100 418 419
13.503274 418 527
7.661324 419 170
113.690834 419 337
14.410019 419 340
62.991100 419 418
5.484488 420 167
36.208248 420 337
77.880585 420 421
6.917439 421 166
110.701797 421 236
77.880585 421 420
79.628319 421 496
96.765190 422 68
92.950394 422 236
9.040454 422 456
8.059694 422 464
70.126053 423 68
6.612741 423 207
52.075172 423 395
41.683647 423 454
69.226868 424 113
6.795311 424 207
52.506470 424 397
7.174228 424 490
14.858448 425 113
340.289276 425 355
24.394064 425 426
24.394064 426 425
33.445480 426 427
44.527836 426 612
33.445480 427 426
20.103050 427 428
6.325805 427 481
5.004825 427 559
20.103050 428 427
3.323741 428 429
6.211246 428 482
73.989609 428 610
3.323741 429 428
45.426971 429 430
45.426971 430 429
20.378401 430 431
20.378401 431 430
52.495174 431 432
6.178438 431 483
6.952996 432 177
71.442291 432 256
52.495174 432 431
121.553696 433 385
275.216064 433 434
272.615936 433 435
275.216064 434 433
279.774536 434 494
272.615936 435 433
25.757774 435 436
25.757774 436 435
174.476471 436 438
18.493647 437 186
234.782379 437 438
174.476471 438 436
234.782379 438 437
99.658951 438 439
99.658951 439 438
268.550690 439 440
154.589798 439 442
268.550690 440 439
80.253769 440 441
330.891083 440 442
44.595909 441 185
80.253769 441 440
154.589798 442 439
330.891083 442 440
68.043610 442 443
68.043610 443 442
20.934172 443 484
79.266731 443 507
4.853642 444 106
151.680939 444 315
55.696999 444 445
4.910996 445 105
30.509996 445 311
55.696999 445 444
13.052233 445 630
41.759640 446 70
17.350763 446 447
50.134525 446 455
17.350763 447 446
15.290780 447 448
33.196075 447 455
15.290780 448 447
17.165480 448 449
33.189816 448 453
17.165480 449 448
17.827847 449 450
30.274010 449 452
17.827847 450 449
21.655735 450 451
21.655735 451 450
15.589149 451 452
30.274010 452 449
15.589149 452 451
16.459227 452 453
33.189816 453 448
16.459227 453 452
5.905598 453 454
41.683647 454 423
5.905598 454 453
9.549676 454 455
50.134525 455 446
33.196075 455 447
9.549676 455 454
64.662277 456 230
9.040454 456 422
46.865543 456 457
34.094658 457 231
46.865543 457 456
43.334572 457 469
77.102516 458 56
118.996414 458 459
118.996414 459 458
130.762680 459 460
130.762680 460 459
92.838799 460 561
74.505959 460 562
74.588654 461 47
35.583420 461 71
14.201110 461 396
57.344971 462 127
59.108837 462 325
53.094948 463 0
99.020721 463 1
35.637451 463 381
8.059694 464 422
4.581757 464 482
44.646313 464 483
44.256920 465 466
9.913987 465 479
54.445843 465 480
44.256920 466 465
16.817610 466 467
34.734051 466 479
4.045694 466 496
47.655800 467 235
16.817610 467 466
34.689682 467 478
17.254967 468 235
16.437260 468 469
4.101132 468 500
43.334572 469 457
16.437260 469 468
4.265242 469 497
24.282511 470 29
8.830182 470 38
4.791833 470 471
29.068869 471 30
8.422856 471 38
7.691917 471 387
4.791833 471 470
23.702938 472 473
21.739414 472 628
11.392169 473 363
23.702938 473 472
4.352243 474 158
58.797871 474 410
14.844154 474 411
12.112325 474 657
18.926178 475 133
73.182808 475 615
9.036457 476 233
15.975480 476 477
15.975480 477 476
22.133688 477 478
34.689682 478 467
22.133688 478 477
16.801147 478 479
9.913987 479 465
34.734051 479 466
16.801147 479 478
54.445843 480 465
72.737892 481 67
6.325805 481 427
19.688995 481 482
6.211246 482 428
4.581757 482 464
19.688995 482 481
47.657108 483 164
6.178438 483 431
44.646313 483 464
194.294403 484 138
20.934172 484 443
45.784809 485 210
36.562954 485 531
57.930607 486 487
7.416294 486 493
57.930607 487 486
18.980509 487 488
18.980509 488 487
18.000547 488 489
18.000547 489 488
28.873024 489 490
7.174228 490 424
28.873024 490 489
31.700630 490 491
31.700630 491 490
18.684811 491 492
18.684811 492 491
16.312868 492 493
7.416294 493 486
16.312868 493 492
69.735481 494 84
71.655014 494 305
279.774536 494 434
13.825865 495 69
79.628319 496 421
4.045694 496 466
30.733301 497 232
4.265242 497 469
16.545984 497 500
87.687035 498 89
40.561298 498 130
93.728104 499 124
10.018670 499 362
17.178104 500 234
4.101132 500 468
16.545984 500 497
22.535093 501 400
46.340309 501 621
12.045193 502 229
65.487305 502 502
14.573316 503 359
34.726933 503 504
16.944090 503 505
34.726933 504 503
21.623594 504 505
16.944090 505 503
21.623594 505 504
92.530022 506 222
43.070312 506 223
45.394150 506 406
167.428253 507 301
209.434692 507 361
79.266731 507 443
57.187557 508 208
15.937552 508 209
21.973539 508 220
29.813284 509 325
27.387005 510 511
35.459835 510 513
113.986153 510 562
27.387005 511 510
353.143402 511 512
59.561737 511 513
353.143402 512 511
63.473862 512 513
35.459835 513 510
59.561737 513 511
63.473862 513 512
20.282427 514 55
10.934334 514 515
112.648163 514 519
10.934334 515 514
45.644127 515 516
47.278072 515 518
45.644127 516 515
28.149677 516 517
6.277067 516 518
28.149677 517 516
33.745804 517 518
286.200195 517 519
47.278072 518 515
6.277067 518 516
33.745804 518 517
13.703587 518 526
112.648163 519 514
286.200195 519 517
13.161932 520 54
12.497164 520 521
20.878035 520 524
12.497164 521 520
60.239086 521 522
62.034698 521 523
60.239086 522 521
29.394299 522 523
72.144218 522 524
62.034698 523 521
29.394299 523 522
8.956526 523 525
20.878035 524 520
72.144218 524 522
8.956526 525 523
11.095619 525 526
13.703587 526 518
11.095619 526 525
13.503274 527 418
51.025085 527 528
25.939581 527 529
11.504358 528 339
51.025085 528 527
100.253082 528 529
25.939581 529 527
100.253082 529 528
20.726221 530 218
50.905800 530 221
36.562954 531 485
64.297752 531 532
59.743687 531 535
64.297752 532 531
97.413895 532 533
97.413895 533 532
44.073681 533 534
14.048701 533 542
44.073681 534 533
17.211721 534 536
77.405205 534 537
59.743687 535 531
17.211721 536 534
16.874166 536 537
77.405205 537 534
16.874166 537 536
19.655247 537 538
19.655247 538 537
16.923019 538 539
18.014553 538 540
16.923019 539 538
75.656517 539 543
18.014553 540 538
20.204456 540 541
44.391750 540 543
20.204456 541 540
42.238239 541 542
30.618017 541 544
14.048701 542 533
42.238239 542 541
17.016968 542 544
75.656517 543 539
44.391750 543 540
17.963625 543 544
30.618017 544 541
17.016968 544 542
17.963625 544 543
79.636681 545 0
9.947498 545 365
10.109323 545 382
27.745975 546 356
39.020599 546 547
21.236227 546 550
39.020599 547 546
76.310463 547 548
22.526073 548 398
76.310463 548 547
18.680943 548 549
18.680943 549 548
113.077438 549 550
15.134618 550 114
21.236227 550 546
113.077438 550 549
6.688123 551 108
29.623583 551 362
10.858067 552 219
165.718948 552 555
27.612175 553 554
27.612175 554 553
13.438231 554 555
20.429312 555 214
165.718948 555 552
13.438231 555 554
285.008850 556 556
55.600040 557 558
41.723171 557 612
55.600040 558 557
21.013449 558 559
14.136307 558 612
5.004825 559 427
21.013449 559 558
21.387960 560 316
164.294601 561 63
12.405028 561 190
92.838799 561 460
74.505959 562 460
113.986153 562 510
25.575012 563 377
9.143283 563 564
17.119654 563 635
9.143283 564 563
16.729795 564 565
14.715198 564 586
16.729795 565 564
29.268026 565 566
11.295971 565 581
42.892750 565 582
29.268026 566 565
9.954904 566 567
29.550938 566 572
5.439837 567 237
9.954904 567 566
35.690987 567 574
2.885888 568 569
25.800962 568 589
12.046693 568 648
2.885888 569 568
15.890441 569 570
6.713736 569 603
15.890441 570 569
2.960055 570 571
36.830658 570 589
2.960055 571 570
23.300135 571 572
21.627562 571 579
8.152557 572 238
29.550938 572 566
23.300135 572 571
18.380671 572 639
17.061798 573 238
5.737242 573 574
17.792345 573 607
35.690987 574 567
5.737242 574 573
4.293737 574 575
4.293737 575 574
29.844185 575 576
17.575254 575 644
29.844185 576 575
18.927372 576 577
52.029724 576 583
18.927372 577 576
7.307090 577 578
52.137600 577 584
7.307090 578 577
22.032450 578 604
21.627562 579 571
15.045726 579 580
33.407818 579 603
15.045726 580 579
32.707336 580 581
11.295971 581 565
32.707336 581 580
42.892750 582 565
16.132742 582 583
15.930182 582 588
52.029724 583 576
16.132742 583 582
19.035872 583 584
52.137600 584 577
19.035872 584 583
8.698258 584 585
8.698258 585 584
97.302177 585 632
14.715198 586 564
28.805304 586 587
12.538957 586 635
28.805304 587 586
3.279970 587 588
9.043951 587 636
15.930182 588 582
3.279970 588 587
11.495166 588 637
25.800962 589 568
36.830658 589 570
20.663580 589 590
20.663580 590 589
10.255694 590 591
9.002406 590 647
9.381722 590 651
10.255694 591 590
24.458778 591 592
63.063568 591 599
24.458778 592 591
13.844799 592 596
4.907316 592 597
11.107275 593 240
24.177534 593 241
3.698085 593 594
3.698085 594 593
12.672298 594 595
12.450328 594 638
12.672298 595 594
23.442522 595 596
34.401402 595 601
13.844799 596 592
23.442522 596 595
30.079742 596 600
4.907316 597 592
42.497932 597 598
45.200298 597 600
42.497932 598 597
11.112966 598 599
8.664529 598 649
63.063568 599 591
11.112966 599 598
15.157578 599 634
30.079742 600 596
45.200298 600 597
6.905415 600 601
34.401402 601 595
6.905415 601 600
52.435608 601 602
26.471104 602 243
52.435608 602 601
48.739780 602 642
6.713736 603 569
33.407818 603 579
21.510643 603 648
22.032450 604 578
16.292921 604 605
40.006100 604 632
18.358696 604 633
16.292921 605 604
11.768290 605 606
40.282860 605 640
8.525188 606 244
11.768290 606 605
40.491982 606 641
58.084389 606 652
26.625071 607 241
17.792345 607 573
8.907588 607 643
9.876103 607 644
13.857515 608 371
15.641788 608 609
3.895548 608 614
15.641788 609 608
3.284098 609 613
73.989609 610 428
2.766022 610 611
2.766022 611 610
44.527836 612 426
41.723171 612 557
14.136307 612 558
3.284098 613 609
17.487663 613 614
3.895548 614 608
17.487663 614 613
55.972752 615 127
73.182808 615 475
23.517023 615 626
44.247337 616 65
21.523081 616 617
21.523081 617 616
40.872326 617 618
20.348680 618 64
40.872326 618 617
7.519110 619 136
116.979439 619 620
262.275696 620 134
7.847701 620 135
116.979439 620 619
14.983459 621 401
46.340309 621 501
141.314117 621 621
70.778290 622 215
74.828674 622 623
74.828674 623 622
81.012352 624 144
26.322924 624 386
37.181889 625 252
123.780128 625 625
23.517023 626 615
25.117083 627 118
40.305199 627 135
16.248230 628 125
21.739414 628 472
33.312523 629 49
31.131166 629 53
79.874352 629 54
13.052233 630 445
41.184299 631 76
9.088784 631 357
97.302177 632 585
40.006100 632 604
15.528769 632 640
18.358696 633 604
15.157578 634 599
11.073325 634 645
13.989600 634 649
17.119654 635 563
12.538957 635 586
32.195408 635 636
9.043951 636 587
32.195408 636 635
20.379967 636 637
11.495166 637 588
20.379967 637 636
12.450328 638 594
12.706823 638 639
66.857323 638 651
18.380671 639 572
12.706823 639 638
2.033980 639 655
40.282860 640 605
15.528769 640 632
11.612985 640 641
8.233043 641 245
50.608078 641 374
40.491982 641 606
11.612985 641 640
23.203791 642 244
66.133911 642 245
48.739780 642 602
8.907588 643 607
4.445674 643 654
17.575254 644 575
9.876103 644 607
26.270958 644 652
38.681736 645 380
11.073325 645 634
56.889423 645 646
56.889423 646 645
11.478418 646 647
9.002406 647 590
11.478418 647 646
56.360928 647 648
27.172937 648 378
12.046693 648 568
21.510643 648 603
56.360928 648 647
8.664529 649 598
13.989600 649 634
144.031342 649 650
144.031342 650 649
9.381722 651 590
66.857323 651 638
7.865877 652 242
58.084389 652 606
26.270958 652 644
4.404850 653 239
1.862428 653 655
3.374982 654 239
4.445674 654 643
2.033980 655 639
1.862428 655 653
22.917259 656 217
45.037647 657 153
54.615772 657 388
12.112325 657 474
19.130068 658 146
